1 4
2 8
3 19
4 12
5 6
6 7
7 17
8 9
9 15
10 5
11 2
12 13
13 14
14 20
15 10
16 3
17 1
18 11
19 16
20 18
1 14
2 6
3 1
4 7
5 15
6 13
7 5
8 3
9 18
10 11
11 8
12 16
13 19
14 4
15 12
16 9
17 2
18 10
19 17
1 7
2 8
3 1
4 11
5 3
6 6
7 5
8 2
9 4
10 9
11 10
1 8
2 6
3 1
4 7
5 4
6 3
7 5
8 2
1 1
2 6
3 15
4 3
5 13
6 2
7 14
8 11
9 8
10 10
11 5
12 12
13 7
14 9
15 4
1 16
2 13
3 4
4 1
5 17
6 14
7 19
8 10
9 5
10 18
11 6
12 11
13 9
14 2
15 8
16 12
17 7
18 3
19 15
1 9
2 15
3 11
4 10
5 7
6 13
7 12
8 1
9 6
10 5
11 4
12 2
13 8
14 14
15 3
1 1
2 12
3 15
4 4
5 8
6 2
7 13
8 14
9 10
10 16
11 7
12 11
13 5
14 3
15 6
16 9
1 5
2 1
3 2
4 8
5 6
6 3
7 7
8 4
9 9
1 3
2 1
3 2
4 4