1 6
2 11
3 3
4 18
5 5
6 17
7 10
8 2
9 13
10 9
11 14
12 16
13 7
14 8
15 4
16 19
17 1
18 15
19 12
1 8
2 4
3 9
4 11
5 10
6 2
7 7
8 5
9 1
10 3
11 6
1 3
2 4
3 8
4 1
5 5
6 6
7 7
8 2
1 5
2 10
3 3
4 6
5 13
6 8
7 12
8 2
9 4
10 15
11 7
12 9
13 14
14 1
15 11
1 1
2 10
3 19
4 14
5 17
6 13
7 9
8 8
9 15
10 2
11 11
12 12
13 4
14 5
15 18
16 3
17 7
18 16
19 6
1 9
2 11
3 7
4 10
5 6
6 1
7 5
8 3
9 14
10 13
11 2
12 12
13 4
14 8
15 15
1 12
2 3
3 13
4 7
5 9
6 8
7 4
8 15
9 5
10 2
11 10
12 11
13 6
14 16
15 14
16 1
1 5
2 3
3 1
4 8
5 7
6 6
7 9
8 2
9 4
1 2
2 1
3 4
4 3
1 3
2 7
3 1
4 4
5 5
6 2
7 6